0.00018456724938497714
0.00019985319291356113
0.00021790693136485373
0.00023802789777119192
0.000261709024978208
0.0002888355321103
0.000319993205259529
0.00035587112041091015
0.00039923707248715206
0.000450182860398561
0.0005119587752669525
0.0005873096300497394
0.0006792561541175333
0.0007938967414425165
0.000940350515367483
0.001127288966715467
0.0013744896296796828
0.0017035111601576306
0.0021499021343603882
0.00275592167428155
0.0035539008075032045
0.004490066731123021
0.0052478279463797455
0.013804426880385658
0.01105855046936586
0.004816720424060325
-0.0012886860627027916
-0.0034110611718004887
-0.003196150598623714
-0.0025027047698851397
-0.0018947237823349443
-0.001445977704892634
-0.0011250887149113044
-0.0008931818023461878
-0.0007231533130796111
-0.0005953073219911032
-0.0004976769936189062
-0.0004223496404836949
-0.0003616076639094047
-0.00031291283072453066
-0.00027365848154396104
-0.0002409271768900383
-0.00021429426620829813
-0.00019109524446898595
-0.0001714563835303517
-0.0001552629025167934
-0.00014091857868972447
-0.00012805569672564006
-0.00011726004271660117
-0.00010773925078463852
