0.0030723288655281067
0.005388080608099699
0.0037431383971124887
0.003954253625124693
0.003965887241065502
0.0040140836499631405
0.0036230296827852726
0.003767406102269888
0.0036949662026017904
0.003152219345793128
0.005326805170625448
0.00543053587898612
0.004765457473695278
0.0031086865346878767
0.003601261181756854
0.004753601271659136
0.004662699997425079
0.004589617718011141
0.004881092347204685
0.004173976369202137
0.004448980558663607
0.005607674829661846
0.004852343816310167
0.004789713770151138
0.006502069998532534
0.008696851320564747
0.0076538147404789925
0.0036860413383692503
0.005541530903428793
0.007111664395779371
0.007520892191678286
0.005321043077856302
0.005077930632978678
0.00474804500117898
0.006112296599894762
0.005071394611150026
0.006404499523341656
0.005387092940509319
0.005493645090609789
0.005770158022642136
0.0055570597760379314
0.006522368174046278
0.006960493512451649
0.008003290742635727
0.00682141724973917
0.005416801664978266
0.007077917922288179
0.006890098564326763
0.005971776321530342
0.008409642614424229
0.007086928002536297
0.006580327171832323
0.005497767124325037
0.0041632563807070255
0.00330929784104228
0.0006433797534555197
-0.006269514095038176
-0.002559864893555641
-0.0023367335088551044
-0.004359910264611244
-0.0032779923640191555
-0.0018402752466499805
-0.0025716975796967745
-0.004752322565764189
-0.004191994201391935
-0.002453798893839121
-0.0026752990670502186
-0.002862463006749749
-0.00233845436014235
0.0008874880732037127
-0.0016021786723285913
-0.002612456912174821
-0.0026439055800437927
-0.0011000342201441526
-0.0014050907921046019
-0.00045885666622780263
-0.0010113598546013236
4.682422513724305e-06
-0.002260821871459484
-0.0004189886385574937
-0.0008128926856443286
-0.0010303118033334613
-0.0012228015111759305
-0.0002517792454455048
-0.0005248754750937223
0.00012681908265221864
0.00013392280379775912
-0.002222291426733136
-0.001893152599222958
0.00024220635532401502
0.00034087675157934427
0.0012151451082900167
-0.0004682086000684649
-0.0004290899960324168
0.001204314874485135
1.5715882909717038e-05
0.0006699441582895815
-0.002714373404160142
-0.0012632900616154075
0.00247147586196661
0.0029352111741900444
0.00519343139603734
-0.00011709379032254219
0.0002332060394110158
0.0003663516545202583
-0.0004539057263173163
-0.0008815483888611197
-0.0008815840119495988
-0.0011101560667157173
